========================================================
bin == 41546444000xxxxx

web == https://namso-gen.com/?tab=advance&network=random 

web == https://namso.net/
==========================================
4154644400015781|06|2028|231
4154644400048428|03|2031|231
4154644400085446|07|2028|231
4154644400057122|07|2029|231
4154644400083458|08|2031|231
4154644400043643|01|2029|231
4154644400044765|07|2030|231
4154644400064177|09|2029|231
4154644400022647|12|2024|231
4154644400046778|05|2027|231

________________________________________________________________


4154644400044781|01|2024|231
4154644400044021|01|2024|231
4154644400046620|01|2024|231
4154644400038064|01|2024|231
4154644400075280|01|2024|231
4154644400020914|01|2024|231
4154644400091766|01|2024|231
4154644400015484|01|2024|231
4154644400089950|01|2024|231
4154644400004124|01|2024|231

_________________________________________________________________/

4154644400015781|06|2028|231
4154644400048428|03|2031|231
4154644400085446|07|2028|231
4154644400057122|07|2029|231
4154644400083458|08|2031|231
4154644400043643|01|2029|231
4154644400044765|07|2030|231
4154644400064177|09|2029|231
4154644400022647|12|2024|231
4154644400046778|05|2027|231

________________________________________________________________

4154644400061264|01|2024|231
4154644400089232|01|2024|231
4154644400026028|01|2024|231
4154644400088358|01|2024|231
4154644400066172|01|2024|231
4154644400005147|01|2024|231
4154644400038791|01|2024|231
4154644400005352|01|2024|231
4154644400081270|01|2024|231
4154644400050291|01|2024|231

_________________________________________________________________


4154644400059045|01|2024|231
4154644400070943|01|2024|231
4154644400037223|01|2024|231
4154644400052594|01|2024|231
4154644400093390|01|2024|231
4154644400014990|01|2024|231
4154644400049574|01|2024|231
4154644400080470|01|2024|231
4154644400031465|01|2024|231
4154644400056272|01|2024|231

_________________________________________________________________/

4154644400006897|01|2024|231
4154644400049988|01|2024|231
4154644400003647|01|2024|231
4154644400019031|01|2024|231
4154644400064466|01|2024|231
4154644400040052|01|2024|231
4154644400025111|01|2024|231
4154644400048410|01|2024|231
4154644400041456|01|2024|231
4154644400024460|01|2024|231
